167238954234597186589164273842916735671345829395782461453829617918673542726451398
872193465651248379349657281526314798487956132913782654298476513735821946164539827
297513468381426957654987123968251734143678592572394816836145279725839641419762385
531498276479162358268753419357614892682539741194287635823945167715326984946871523
157469328986123754423587196392851467768294531514736982275918643649372815831645279
318627945976854231524193867492315678653782194187946523735268419249571386861439752
261739854359148726748562319983657241176324985425891673814976532632485197597213468
165948372283167945947325681816753294539412768724689153672834519398571426451296837
427983561951762384638451297874239156562817439319546728196324875245678913783195642
945278163781635249263491785136859472427163598859724631612987354578342916394516827
136487259875239146942615837693572418584961372217348695468753921259126784721894563
473168529129354876856927143298641735317582964645739281964875312731296458582413697