007000900200507006080104070040010030601000809090080060050809010010603002006000300
070103060050000070300050001500304008407000102900702004200070003030000040060509020
000013400080006950650000000960201000100070002000304016000000079025800040009760000
001090270009002050200003000300014002080000040100280005000900007010300900046070500
000409000080020700020507106300800060760000031010006002205908040009070010000605000
000000945006000000520103807090310000003080100000046020705208019000000300861000000
200700050000048006000002309900600240070020080025001003804900000600480000090003008
065000300200067900040300001006050004000402000700080100600004010008570006001000830
027900000050002084008000207070030006000817000300040020106000800240600010000005640
900278100001030249003000000030800000007000500000004030000000300578040900004516007
006007009800030100900605030003000018000901000210000600060703001009020004700800500
470108029000000000006927100090601030300000004040709080004875300000000000580403097